38
Aksu_6        0.0000000 0.2677212 0.2677212 0.2231016 0.2231016 0.0917643 0.0917643 0.1489616 0.1489616 0.1687261 0.1687261 0.1887698 0.2048639 0.2048639 0.5145864 0.5145864 0.3569863 0.3569863 0.4111402 0.4111402 0.4445585 0.4445585 0.3878822 0.3878822 0.2718288 0.2718288 0.4221069 0.4221069 0.6060817 0.6060817 0.5011364 0.5011364 0.4864916 0.4864916 0.4854976 0.4854976 0.4704633 0.4704633 
Bayatbadem_2  0.2677212 0.0000000 0.0000010 0.0310933 0.0310933 0.2190169 0.2190169 0.2006235 0.2006235 0.2210285 0.2210285 0.2016971 0.3565794 0.3565794 0.3101201 0.3101201 0.2387919 0.2387919 0.3005177 0.3005177 0.3400698 0.3400698 0.3975059 0.3975059 0.3235018 0.3235018 0.3643322 0.3643322 0.5616478 0.5616478 0.4173473 0.4173473 0.4006737 0.4006737 0.4550911 0.4550911 0.4173473 0.4173473 
Bayatbadem_26 0.2677212 0.0000010 0.0000000 0.0310933 0.0310933 0.2190169 0.2190169 0.2006235 0.2006235 0.2210285 0.2210285 0.2016971 0.3565794 0.3565794 0.3101201 0.3101201 0.2387919 0.2387919 0.3005177 0.3005177 0.3400698 0.3400698 0.3975059 0.3975059 0.3235018 0.3235018 0.3643322 0.3643322 0.5616478 0.5616478 0.4173473 0.4173473 0.4006737 0.4006737 0.4550911 0.4550911 0.4173473 0.4173473 
Phaselis_16   0.2231016 0.0310933 0.0310933 0.0000000 0.0000010 0.2178102 0.2178102 0.1994734 0.1994734 0.2198120 0.2198120 0.2005407 0.3135588 0.3135588 0.3088610 0.3088610 0.2375021 0.2375021 0.2991505 0.2991505 0.3387197 0.3387197 0.3962748 0.3962748 0.2828855 0.2828855 0.3630299 0.3630299 0.5609320 0.5609320 0.4161672 0.4161672 0.4336298 0.4336298 0.4539236 0.4539236 0.4161672 0.4161672 
Phaselis_2    0.2231016 0.0310933 0.0310933 0.0000010 0.0000000 0.2178102 0.2178102 0.1994734 0.1994734 0.2198120 0.2198120 0.2005407 0.3135588 0.3135588 0.3088610 0.3088610 0.2375021 0.2375021 0.2991505 0.2991505 0.3387197 0.3387197 0.3962748 0.3962748 0.2828855 0.2828855 0.3630299 0.3630299 0.5609320 0.5609320 0.4161672 0.4161672 0.4336298 0.4336298 0.4539236 0.4539236 0.4161672 0.4161672 
Aksu_14       0.0917643 0.2190169 0.2190169 0.2178102 0.2178102 0.0000000 0.0000010 0.0785629 0.0785629 0.0957260 0.0957260 0.1133226 0.2920701 0.2920701 0.4935172 0.4935172 0.4522137 0.4522137 0.5027078 0.5027078 0.5332612 0.5332612 0.2652245 0.2652245 0.2265400 0.2265400 0.3021427 0.3021427 0.5586128 0.5586128 0.3894016 0.3894016 0.3732860 0.3732860 0.3726303 0.3726303 0.3556340 0.3556340 
Aksu_24       0.0917643 0.2190169 0.2190169 0.2178102 0.2178102 0.0000010 0.0000000 0.0785629 0.0785629 0.0957260 0.0957260 0.1133226 0.2920701 0.2920701 0.4935172 0.4935172 0.4522137 0.4522137 0.5027078 0.5027078 0.5332612 0.5332612 0.2652245 0.2652245 0.2265400 0.2265400 0.3021427 0.3021427 0.5586128 0.5586128 0.3894016 0.3894016 0.3732860 0.3732860 0.3726303 0.3726303 0.3556340 0.3556340 
Aksu_10       0.1489616 0.2006235 0.2006235 0.1994734 0.1994734 0.0785629 0.0785629 0.0000000 0.0000010 0.0150675 0.0150675 0.0306458 0.2339061 0.2339061 0.4497065 0.4497065 0.3987672 0.3987672 0.4544108 0.4544108 0.4882265 0.4882265 0.2107780 0.2107780 0.1717988 0.1717988 0.2488788 0.2488788 0.5224512 0.5224512 0.3409682 0.3409682 0.3238289 0.3238289 0.3232884 0.3232884 0.3051498 0.3051498 
Aksu_12       0.1489616 0.2006235 0.2006235 0.1994734 0.1994734 0.0785629 0.0785629 0.0000010 0.0000000 0.0150675 0.0150675 0.0306458 0.2339061 0.2339061 0.4497065 0.4497065 0.3987672 0.3987672 0.4544108 0.4544108 0.4882265 0.4882265 0.2107780 0.2107780 0.1717988 0.1717988 0.2488788 0.2488788 0.5224512 0.5224512 0.3409682 0.3409682 0.3238289 0.3238289 0.3232884 0.3232884 0.3051498 0.3051498 
Aksu_8        0.1687261 0.2210285 0.2210285 0.2198120 0.2198120 0.0957260 0.0957260 0.0150675 0.0150675 0.0000000 0.0000010 0.0151599 0.2143739 0.2143739 0.4344944 0.4344944 0.3801692 0.3801692 0.4375802 0.4375802 0.4725667 0.4725667 0.1925079 0.1925079 0.1536788 0.1536788 0.2308005 0.2308005 0.5100466 0.5100466 0.3242413 0.3242413 0.3067764 0.3067764 0.3062750 0.3062750 0.2877937 0.2877937 
Firm_118      0.1687261 0.2210285 0.2210285 0.2198120 0.2198120 0.0957260 0.0957260 0.0150675 0.0150675 0.0000010 0.0000000 0.0151599 0.2143739 0.2143739 0.4344944 0.4344944 0.3801692 0.3801692 0.4375802 0.4375802 0.4725667 0.4725667 0.1925079 0.1925079 0.1536788 0.1536788 0.2308005 0.2308005 0.5100466 0.5100466 0.3242413 0.3242413 0.3067764 0.3067764 0.3062750 0.3062750 0.2877937 0.2877937 
Firm_102      0.1887698 0.2016971 0.2016971 0.2005407 0.2005407 0.1133226 0.1133226 0.0306458 0.0306458 0.0151599 0.0151599 0.0000000 0.2350774 0.2350774 0.4188223 0.4188223 0.3610637 0.3610637 0.4202127 0.4202127 0.4563899 0.4563899 0.2118199 0.2118199 0.1727212 0.1727212 0.2125725 0.2125725 0.4972987 0.4972987 0.3071559 0.3071559 0.2893872 0.2893872 0.2889252 0.2889252 0.2701371 0.2701371 
Firm_32       0.2048639 0.3565794 0.3565794 0.3135588 0.3135588 0.2920701 0.2920701 0.2339061 0.2339061 0.2143739 0.2143739 0.2350774 0.0000000 0.0000010 0.3839018 0.3839018 0.2464646 0.2464646 0.2681869 0.2681869 0.3084516 0.3084516 0.2408291 0.2408291 0.0790173 0.0790173 0.3216567 0.3216567 0.4437070 0.4437070 0.3412732 0.3412732 0.3975711 0.3975711 0.3967890 0.3967890 0.3788024 0.3788024 
Firm_58       0.2048639 0.3565794 0.3565794 0.3135588 0.3135588 0.2920701 0.2920701 0.2339061 0.2339061 0.2143739 0.2143739 0.2350774 0.0000010 0.0000000 0.3839018 0.3839018 0.2464646 0.2464646 0.2681869 0.2681869 0.3084516 0.3084516 0.2408291 0.2408291 0.0790173 0.0790173 0.3216567 0.3216567 0.4437070 0.4437070 0.3412732 0.3412732 0.3975711 0.3975711 0.3967890 0.3967890 0.3788024 0.3788024 
Bayatbadem_16 0.5145864 0.3101201 0.3101201 0.3088610 0.3088610 0.4935172 0.4935172 0.4497065 0.4497065 0.4344944 0.4344944 0.4188223 0.3839018 0.3839018 0.0000000 0.0000010 0.2261350 0.2261350 0.1658216 0.1658216 0.1666846 0.1666846 0.3171709 0.3171709 0.3127479 0.3127479 0.2795455 0.2795455 0.3356884 0.3356884 0.2196747 0.2196747 0.1991414 0.1991414 0.2498169 0.2498169 0.2196747 0.2196747 
Bayatbadem_18 0.5145864 0.3101201 0.3101201 0.3088610 0.3088610 0.4935172 0.4935172 0.4497065 0.4497065 0.4344944 0.4344944 0.4188223 0.3839018 0.3839018 0.0000010 0.0000000 0.2261350 0.2261350 0.1658216 0.1658216 0.1666846 0.1666846 0.3171709 0.3171709 0.3127479 0.3127479 0.2795455 0.2795455 0.3356884 0.3356884 0.2196747 0.2196747 0.1991414 0.1991414 0.2498169 0.2498169 0.2196747 0.2196747 
Geyikbayir_24 0.3569863 0.2387919 0.2387919 0.2375021 0.2375021 0.4522137 0.4522137 0.3987672 0.3987672 0.3801692 0.3801692 0.3610637 0.2464646 0.2464646 0.2261350 0.2261350 0.0000000 0.0000010 0.0494819 0.0494819 0.0850386 0.0850386 0.4411876 0.4411876 0.3215125 0.3215125 0.4071448 0.4071448 0.4886208 0.4886208 0.4614466 0.4614466 0.4442644 0.4442644 0.5041162 0.5041162 0.4614466 0.4614466 
Geyikbayir_6  0.3569863 0.2387919 0.2387919 0.2375021 0.2375021 0.4522137 0.4522137 0.3987672 0.3987672 0.3801692 0.3801692 0.3610637 0.2464646 0.2464646 0.2261350 0.2261350 0.0000010 0.0000000 0.0494819 0.0494819 0.0850386 0.0850386 0.4411876 0.4411876 0.3215125 0.3215125 0.4071448 0.4071448 0.4886208 0.4886208 0.4614466 0.4614466 0.4442644 0.4442644 0.5041162 0.5041162 0.4614466 0.4614466 
Phaselis_26   0.4111402 0.3005177 0.3005177 0.2991505 0.2991505 0.5027078 0.5027078 0.4544108 0.4544108 0.4375802 0.4375802 0.4202127 0.2681869 0.2681869 0.1658216 0.1658216 0.0494819 0.0494819 0.0000000 0.0000010 0.0678764 0.0678764 0.4596705 0.4596705 0.3438356 0.3438356 0.4270109 0.4270109 0.4405864 0.4405864 0.4105815 0.4105815 0.3918475 0.3918475 0.4526269 0.4526269 0.4105815 0.4105815 
Phaselis_28   0.4111402 0.3005177 0.3005177 0.2991505 0.2991505 0.5027078 0.5027078 0.4544108 0.4544108 0.4375802 0.4375802 0.4202127 0.2681869 0.2681869 0.1658216 0.1658216 0.0494819 0.0494819 0.0000010 0.0000000 0.0678764 0.0678764 0.4596705 0.4596705 0.3438356 0.3438356 0.4270109 0.4270109 0.4405864 0.4405864 0.4105815 0.4105815 0.3918475 0.3918475 0.4526269 0.4526269 0.4105815 0.4105815 
Termessos_18  0.4445585 0.3400698 0.3400698 0.3387197 0.3387197 0.5332612 0.5332612 0.4882265 0.4882265 0.4725667 0.4725667 0.4563899 0.3084516 0.3084516 0.1666846 0.1666846 0.0850386 0.0850386 0.0678764 0.0678764 0.0000000 0.0000010 0.4606291 0.4606291 0.3451221 0.3451221 0.4280928 0.4280928 0.4053363 0.4053363 0.3733607 0.3733607 0.3536219 0.3536219 0.4144316 0.4144316 0.3733607 0.3733607 
Termessos_24  0.4445585 0.3400698 0.3400698 0.3387197 0.3387197 0.5332612 0.5332612 0.4882265 0.4882265 0.4725667 0.4725667 0.4563899 0.3084516 0.3084516 0.1666846 0.1666846 0.0850386 0.0850386 0.0678764 0.0678764 0.0000010 0.0000000 0.4606291 0.4606291 0.3451221 0.3451221 0.4280928 0.4280928 0.4053363 0.4053363 0.3733607 0.3733607 0.3536219 0.3536219 0.4144316 0.4144316 0.3733607 0.3733607 
Firm_2        0.3878822 0.3975059 0.3975059 0.3962748 0.3962748 0.2652245 0.2652245 0.2107780 0.2107780 0.1925079 0.1925079 0.2118199 0.2408291 0.2408291 0.3171709 0.3171709 0.4411876 0.4411876 0.4596705 0.4596705 0.4606291 0.4606291 0.0000000 0.0000010 0.1395643 0.1395643 0.0679045 0.0679045 0.3472502 0.3472502 0.1238710 0.1238710 0.1433978 0.1433978 0.1432273 0.1432273 0.1238710 0.1238710 
Firm_28       0.3878822 0.3975059 0.3975059 0.3962748 0.3962748 0.2652245 0.2652245 0.2107780 0.2107780 0.1925079 0.1925079 0.2118199 0.2408291 0.2408291 0.3171709 0.3171709 0.4411876 0.4411876 0.4596705 0.4596705 0.4606291 0.4606291 0.0000010 0.0000000 0.1395643 0.1395643 0.0679045 0.0679045 0.3472502 0.3472502 0.1238710 0.1238710 0.1433978 0.1433978 0.1432273 0.1432273 0.1238710 0.1238710 
Firm_78       0.2718288 0.3235018 0.3235018 0.2828855 0.2828855 0.2265400 0.2265400 0.1717988 0.1717988 0.1536788 0.1536788 0.1727212 0.0790173 0.0790173 0.3127479 0.3127479 0.3215125 0.3215125 0.3438356 0.3438356 0.3451221 0.3451221 0.1395643 0.1395643 0.0000000 0.0000010 0.2166478 0.2166478 0.3777396 0.3777396 0.2748229 0.2748229 0.2942235 0.2942235 0.2937453 0.2937453 0.2748229 0.2748229 
Firm_82       0.2718288 0.3235018 0.3235018 0.2828855 0.2828855 0.2265400 0.2265400 0.1717988 0.1717988 0.1536788 0.1536788 0.1727212 0.0790173 0.0790173 0.3127479 0.3127479 0.3215125 0.3215125 0.3438356 0.3438356 0.3451221 0.3451221 0.1395643 0.1395643 0.0000010 0.0000000 0.2166478 0.2166478 0.3777396 0.3777396 0.2748229 0.2748229 0.2942235 0.2942235 0.2937453 0.2937453 0.2748229 0.2748229 
Termessos_1   0.4221069 0.3643322 0.3643322 0.3630299 0.3630299 0.3021427 0.3021427 0.2488788 0.2488788 0.2308005 0.2308005 0.2125725 0.3216567 0.3216567 0.2795455 0.2795455 0.4071448 0.4071448 0.4270109 0.4270109 0.4280928 0.4280928 0.0679045 0.0679045 0.2166478 0.2166478 0.0000000 0.0000010 0.3488317 0.3488317 0.0872975 0.0872975 0.0692282 0.0692282 0.0691628 0.0691628 0.0510852 0.0510852 
Termessos_2   0.4221069 0.3643322 0.3643322 0.3630299 0.3630299 0.3021427 0.3021427 0.2488788 0.2488788 0.2308005 0.2308005 0.2125725 0.3216567 0.3216567 0.2795455 0.2795455 0.4071448 0.4071448 0.4270109 0.4270109 0.4280928 0.4280928 0.0679045 0.0679045 0.2166478 0.2166478 0.0000010 0.0000000 0.3488317 0.3488317 0.0872975 0.0872975 0.0692282 0.0692282 0.0691628 0.0691628 0.0510852 0.0510852 
Firm_70       0.6060817 0.5616478 0.5616478 0.5609320 0.5609320 0.5586128 0.5586128 0.5224512 0.5224512 0.5100466 0.5100466 0.4972987 0.4437070 0.4437070 0.3356884 0.3356884 0.4886208 0.4886208 0.4405864 0.4405864 0.4053363 0.4053363 0.3472502 0.3472502 0.3777396 0.3777396 0.3488317 0.3488317 0.0000000 0.0000010 0.2582472 0.2582472 0.2780970 0.2780970 0.3153061 0.3153061 0.2964594 0.2964594 
Firm_86       0.6060817 0.5616478 0.5616478 0.5609320 0.5609320 0.5586128 0.5586128 0.5224512 0.5224512 0.5100466 0.5100466 0.4972987 0.4437070 0.4437070 0.3356884 0.3356884 0.4886208 0.4886208 0.4405864 0.4405864 0.4053363 0.4053363 0.3472502 0.3472502 0.3777396 0.3777396 0.3488317 0.3488317 0.0000010 0.0000000 0.2582472 0.2582472 0.2780970 0.2780970 0.3153061 0.3153061 0.2964594 0.2964594 
Kumluca_12    0.5011364 0.4173473 0.4173473 0.4161672 0.4161672 0.3894016 0.3894016 0.3409682 0.3409682 0.3242413 0.3242413 0.3071559 0.3412732 0.3412732 0.2196747 0.2196747 0.4614466 0.4614466 0.4105815 0.4105815 0.3733607 0.3733607 0.1238710 0.1238710 0.2748229 0.2748229 0.0872975 0.0872975 0.2582472 0.2582472 0.0000000 0.0000010 0.0518603 0.0518603 0.0518137 0.0518137 0.0339960 0.0339960 
Kumluca_18    0.5011364 0.4173473 0.4173473 0.4161672 0.4161672 0.3894016 0.3894016 0.3409682 0.3409682 0.3242413 0.3242413 0.3071559 0.3412732 0.3412732 0.2196747 0.2196747 0.4614466 0.4614466 0.4105815 0.4105815 0.3733607 0.3733607 0.1238710 0.1238710 0.2748229 0.2748229 0.0872975 0.0872975 0.2582472 0.2582472 0.0000010 0.0000000 0.0518603 0.0518603 0.0518137 0.0518137 0.0339960 0.0339960 
Geyikbayir_13 0.4864916 0.4006737 0.4006737 0.4336298 0.4336298 0.3732860 0.3732860 0.3238289 0.3238289 0.3067764 0.3067764 0.2893872 0.3975711 0.3975711 0.1991414 0.1991414 0.4442644 0.4442644 0.3918475 0.3918475 0.3536219 0.3536219 0.1433978 0.1433978 0.2942235 0.2942235 0.0692282 0.0692282 0.2780970 0.2780970 0.0518603 0.0518603 0.0000000 0.0000010 0.0342080 0.0342080 0.0168240 0.0168240 
Geyikbayir_23 0.4864916 0.4006737 0.4006737 0.4336298 0.4336298 0.3732860 0.3732860 0.3238289 0.3238289 0.3067764 0.3067764 0.2893872 0.3975711 0.3975711 0.1991414 0.1991414 0.4442644 0.4442644 0.3918475 0.3918475 0.3536219 0.3536219 0.1433978 0.1433978 0.2942235 0.2942235 0.0692282 0.0692282 0.2780970 0.2780970 0.0518603 0.0518603 0.0000010 0.0000000 0.0342080 0.0342080 0.0168240 0.0168240 
Demre_7       0.4854976 0.4550911 0.4550911 0.4539236 0.4539236 0.3726303 0.3726303 0.3232884 0.3232884 0.3062750 0.3062750 0.2889252 0.3967890 0.3967890 0.2498169 0.2498169 0.5041162 0.5041162 0.4526269 0.4526269 0.4144316 0.4144316 0.1432273 0.1432273 0.2937453 0.2937453 0.0691628 0.0691628 0.3153061 0.3153061 0.0518137 0.0518137 0.0342080 0.0342080 0.0000000 0.0000010 0.0168107 0.0168107 
Demre_8       0.4854976 0.4550911 0.4550911 0.4539236 0.4539236 0.3726303 0.3726303 0.3232884 0.3232884 0.3062750 0.3062750 0.2889252 0.3967890 0.3967890 0.2498169 0.2498169 0.5041162 0.5041162 0.4526269 0.4526269 0.4144316 0.4144316 0.1432273 0.1432273 0.2937453 0.2937453 0.0691628 0.0691628 0.3153061 0.3153061 0.0518137 0.0518137 0.0342080 0.0342080 0.0000010 0.0000000 0.0168107 0.0168107 
Kumluca_6     0.4704633 0.4173473 0.4173473 0.4161672 0.4161672 0.3556340 0.3556340 0.3051498 0.3051498 0.2877937 0.2877937 0.2701371 0.3788024 0.3788024 0.2196747 0.2196747 0.4614466 0.4614466 0.4105815 0.4105815 0.3733607 0.3733607 0.1238710 0.1238710 0.2748229 0.2748229 0.0510852 0.0510852 0.2964594 0.2964594 0.0339960 0.0339960 0.0168240 0.0168240 0.0168107 0.0168107 0.0000000 0.0000010 
Kumluca_7     0.4704633 0.4173473 0.4173473 0.4161672 0.4161672 0.3556340 0.3556340 0.3051498 0.3051498 0.2877937 0.2877937 0.2701371 0.3788024 0.3788024 0.2196747 0.2196747 0.4614466 0.4614466 0.4105815 0.4105815 0.3733607 0.3733607 0.1238710 0.1238710 0.2748229 0.2748229 0.0510852 0.0510852 0.2964594 0.2964594 0.0339960 0.0339960 0.0168240 0.0168240 0.0168107 0.0168107 0.0000010 0.0000000 
